0.06216646830551326 0.07584836910273714
0.0787956618424505 0.08723844817027507
0.06405781773850322 0.07631890494633997
0.06244161985814571 0.07617522043203419
0.06523698955774307 0.07493404918789597
0.06275623516179621 0.0764503994332899
0.06290566980838776 0.07575874070117987
0.06282630847766996 0.07621103300399455
0.06233152328059077 0.07590986682854611
0.06352335941046476 0.07559678371977638
0.06315001632086932 0.07586956853444098
0.06295817135833204 0.07594485786439503
0.06465513800270856 0.07603378842704049
0.06329883134923875 0.07644453868389989
0.0628179866541177 0.07594862789560365
0.06272188736125826 0.0764379588840904
0.06349349541589618 0.07540569207056551
0.06359892319887876 0.07565714534944075
0.06633911809884012 0.0852260889388773
0.06285130895674229 0.07589431762823541
0.0630545093305409 0.07605920137263712
0.06365426258184016 0.08284871124361423
0.0632029431592673 0.07570464764089951
0.06316974208690226 0.0756049993671715
0.0646613100077957 0.07554684114808237
0.064937231997028 0.07540532998909635
0.06524099219590425 0.0753250037416364
0.06306745134294033 0.07554194344682709
0.06269898884929717 0.07566640089914621
0.06326097199693322 0.07572675924371289
0.06471136748790741 0.07549204305067929
0.06519822204485536 0.07587909422543601
0.0648566536605358 0.07622418649169914
0.06266115737147629 0.0760688012434602
0.06275725958868861 0.07559499416542624
0.06514025122858584 0.07562329489693737
0.06304011716507375 0.07549862333665704
0.06240876961499452 0.0761057182864491
0.06487205491401254 0.07575279479473143
0.06366007664240897 0.07577178773397568
0.06259488495998085 0.07570101216555933
0.06476301077753305 0.0748765453721419
0.06492735245265066 0.07545216169529417
0.06343966126441955 0.07547918841866239
0.0631229958217591 0.07574267637578126
0.06395684253424407 0.07598132095618702
0.06295885185711086 0.07606851873888663
0.06309970024041832 0.0755943713811797
0.06507029809057713 0.07604207238827952
0.06346160287968815 0.0759568359394265
