0.1768445273116231 0.013578774669725856
0.18915161315351725 0.008187987370155497
0.18879724245518445 0.012737527726577082
0.1746499990671873 0.011624156025684507
0.17712522752583026 0.011735731044140775
0.16867512680590152 0.004725263345148078
0.1758894695341587 0.011408619306319112
0.17902294512838124 0.011967539214658592
0.1951311304792762 0.014008814017642184
0.17557219360023738 0.014707905407954292
0.1797234323248267 0.014550611590989148
0.1768054400756955 0.015599845154045807
0.17429407432675362 0.007613119092708601
0.1775348361954093 0.010338347731533339
0.1738171660900116 0.011023452984533142
0.1764295941591263 0.013253172027889571
0.17216213788837195 0.01196773003674055
0.16825937367975713 0.0049756175413331735
0.18388285338878632 0.016646713181545873
0.17216976452618837 0.012056590862356931
0.18397577185183764 0.022365452208593463
0.180561909340322 0.012691187276515279
0.1749158738553524 0.00847082083921848
0.17159673526883126 0.007062427024377287
0.17713971417397262 0.011053360637377342
0.1757095944881439 0.011751910665102925
0.16946474947035312 0.004352891035142765
0.1811855598911643 0.013595431093933663
0.17585902120918034 0.015390438803655763
0.17252891916781665 0.010323716593277354
0.17282064136117697 0.00981547756188252
0.17582704428583384 0.010706875241897505
0.18339370511472225 0.012935362980695782
0.1821364761516452 0.02232489322120081
0.17001567345112562 0.008396844862770932
0.17503927882760764 0.016696889654449685
0.16858503747731446 0.0063904435935274026
0.1720135322585702 0.01080033066359739
0.16748681608587504 0.004850044386209827
0.17964404195547104 0.007780293981199368
0.17617232996970414 0.01232210537196181
0.18305092968046666 0.01446390194675944
0.1783362564444542 0.017090609410881606
0.17417618479579688 0.012995023355412971
0.18358631484210491 0.015121513548519433
0.17244549665600062 0.0037942795166085144
0.18207978948950768 0.02138031309045455
0.17245973661541938 0.00764330533289025
0.18114730190485717 0.014063493685685975
0.16763436056673528 0.00844226661666947
