0.15528853014111518 0.008658898136259073
0.15382491488009692 0.008639164363247475
0.15828943893313407 0.006546144011104487
0.15246420573443176 0.010280903219187459
0.1571815450489521 0.008124432493418475
0.15599808730185033 0.010959772431748421
0.15137821793556214 0.01046659943887077
0.1430221387371421 0.011413882839837049
0.15614084120839833 0.00818612508158066
0.15453467939049007 0.008328568641910417
0.15693423368036746 0.0070762037951164185
0.15302659176290034 0.011523165418325291
0.15459708858281374 0.008960468935059454
0.15562800586223602 0.005109520183177939
0.15177485704421997 0.009255640531165121
0.15519124578684568 0.010385580249114047
0.15502417765557766 0.007796286121237428
0.15525216862559318 0.009011942579222247
0.15354044951498508 0.010348863504774057
0.15185947552323342 0.009167816845592942
0.15387947630137205 0.009682638132958702
0.15858474504202605 0.00775903132632317
0.15162307173013687 0.009581189152607401
0.15428002078086137 0.00913236021952746
0.15803485605865716 0.006116169221472834
0.15367042869329453 0.009536952197763455
0.15583504464477302 0.00779046291141155
0.15326131660491227 0.008667419933799003
0.15807663332670926 0.007242809038260952
0.15183178532868624 0.011093711158695847
0.15814560983330012 0.007642548602264301
0.1537356375530362 0.009420016075787546
0.15536552123725414 0.009646809419029964
0.157143820784986 0.008295628992504774
0.15659528486430646 0.00851050926082096
0.15538767166435719 0.008897463171494344
0.15542574543505908 0.009439679258831669
0.1562620060890913 0.007594096879952781
0.15385053023695947 0.009398869465950917
0.15759526912122965 0.006010852292433142
0.15471444129943848 0.010258582183022388
0.15359075475484132 0.009073239446196637
0.15441184375435113 0.008740647523420476
0.15241053763777018 0.01054418325261578
0.15595053281635046 0.008491091876893809
0.15668389696627855 0.00793126968862202
0.15402823850512504 0.009451219023193534
0.1571888218075037 0.009389481048691953
0.15260727770626545 0.010756038103111043
0.15953646522015333 0.006907219947778529
