0.010895892111584544 0.07599484034674579
0.01079825590364635 0.07529715020912114
0.010784100899472833 0.0752191603780942
0.01088790675625205 0.07593732282271302
0.010797057570889591 0.07531187412868795
0.010880924863740801 0.07586626003527981
0.01079013924114406 0.07526274388672452
0.011662888647988439 0.08136657414642107
0.011049341019243002 0.07706946667396411
0.010826745135709644 0.07551184849517917
0.010867132861167193 0.07580178789003993
0.010899928994476796 0.07601374283846327
0.01093108270317316 0.07624846738371457
0.010847317548468708 0.07566175934357686
0.010834174323827028 0.0755693503283824
0.010883700139820575 0.07590205661050634
0.010868206508457661 0.07579408237802278
0.010803429214283823 0.07534973923361546
0.010830129263922572 0.07553866056128172
0.010877871681004762 0.07587284182432878
0.010798397986218334 0.07531437045144072
0.010743113234639168 0.07492985603822705
0.010831906404346227 0.07554575768731289
0.010798337617889047 0.07531212825550766
0.010844006072729825 0.07563653719487508
0.010852754851803183 0.07569271471666471
0.01091722440905869 0.07614152542490608
0.010713962661102415 0.07472874196473492
0.010810465430840849 0.07538983409765215
0.010947471149265767 0.07635410498309297
0.010846786461770534 0.07565038322227878
0.010817271517589688 0.075452888499358
0.010756493182852864 0.07501559370794153
0.01090255731716752 0.07605349693772222
0.01076009338721633 0.07506123872124444
0.010896994434297085 0.07600946248333104
0.010912645375356078 0.07611159481716037
0.010848197629675269 0.07566132882257787
0.010852265944704413 0.07568830687293898
0.010884064650163054 0.07591514529072517
0.01093179689720273 0.07625180684629206
0.010762903690338135 0.07505950496659891
0.01082963602617383 0.07553291281569555
0.01084168476983905 0.07560577613456212
0.010767013961449266 0.0750996815219005
0.010855533471331 0.07571598917418715
0.0108700130879879 0.07580468735884738
0.010833320459350943 0.07555885551591406
0.010677309790626168 0.07445996627502129
0.010922266021370888 0.0761779725200156
